# Mean mass | 10 | 10er | 20 | 20er | 40 | 40er | 60 | 60er | 80 | 80er | 
2.163404340146995250e+15 9.672957129804558463e+00 1.796872945376820629e-02 8.070334287640445581e+00 1.176617027053066325e-02 7.003470525437997196e+00 2.723440014952034291e-02 6.887255645820912875e+00 3.973230686320636945e-02 6.888754613032915586e+00 4.427791448842264416e-02
1.252232048043622500e+15 7.011873349020793178e+00 2.862212074972354543e-03 5.546471914075056020e+00 5.201799772134281866e-03 4.833543410418732478e+00 1.049318647158523424e-02 4.741932315791710373e+00 9.005478283991804819e-03 4.699419195281780759e+00 9.173996894259756757e-03
7.171491309289472500e+14 4.940395222274768017e+00 1.282761943874677736e-03 3.779328619935523825e+00 1.734714242530996419e-03 3.305901548188125982e+00 7.215287762068492428e-03 3.225681309336935421e+00 1.969614877645844281e-02 3.197389468270443125e+00 2.638300902157455358e-02
4.082306151088128125e+14 3.410293190015163844e+00 5.037962862935059776e-04 2.574910142549758252e+00 1.780536956255298784e-03 2.267669576334610859e+00 6.628768649600553196e-03 2.216667232278044963e+00 1.058532461822634177e-02 2.187867562776558028e+00 1.345184183219056383e-02
2.314491639365631875e+14 2.353910182041371257e+00 3.365509510942020065e-04 1.748138337704708833e+00 9.685316352584876463e-04 1.548321336590701147e+00 1.973900890440629871e-03 1.514800221513998846e+00 3.044916672319292628e-03 1.498721776293064689e+00 7.319926404312207015e-03
1.308488395390975938e+14 1.618802465536561597e+00 3.490162220250701570e-04 1.174804983324361896e+00 8.698623317332687850e-04 1.035366185777538917e+00 1.615346219885683589e-03 1.010538451420640360e+00 3.442357393710846099e-03 1.001072242166522797e+00 6.799950047606269539e-03
7.388607576801279688e+13 1.095175179333597537e+00 2.557236948695987278e-04 7.632111033993908000e-01 5.465228308145965051e-04 6.597768131902240762e-01 1.625401745447267341e-03 6.389685955197922373e-01 3.693929825505174510e-03 6.301557654040805811e-01 4.995488998212152879e-03
4.160912978083839844e+13 7.176479745149728640e-01 2.386300526874191085e-04 4.641669756448747464e-01 4.898668373357159978e-04 3.854367982122323677e-01 9.378150406479130331e-04 3.706009553857055328e-01 2.643065704049017434e-03 3.663808466307175715e-01 3.217894161871855552e-03
2.863523356999680078e+13 5.337193623736040671e-01 2.092728405889408318e-04 3.184893486103969606e-01 4.204278048807106021e-04 2.491990035961260952e-01 1.088453602956643892e-03 2.326695303724897190e-01 1.612865950596722000e-03 2.254453409904672578e-01 2.140491095597357295e-03
