# Mean mass | 10 | 10er | 20 | 20er | 40 | 40er | 60 | 60er | 80 | 80er | 
2.313775923331071875e+14 2.667990644452109983e+00 2.138152170565464465e-03 1.800101147877242180e+00 1.197599893223578321e-02 1.579046138650128217e+00 1.486020397552365382e-02 1.502929255997480062e+00 2.913217283527254689e-02 1.425149409497449060e+00 6.951228445402680978e-02
1.308458548723712031e+14 1.787279012092871211e+00 4.141778741208650486e-03 1.203669030708551801e+00 1.088488689790738720e-02 1.031621277436914008e+00 2.668536213514490982e-02 9.511080754018621519e-01 3.862696589304839834e-02 9.071699297492774594e-01 6.603333967109677183e-02
7.372948058931200000e+13 1.178314123761799559e+00 2.359997664327262434e-03 7.754998760114465428e-01 5.599995095535531715e-03 6.539040472772252865e-01 6.354675467031186895e-03 6.111035459718847651e-01 1.282479211265151291e-02 5.830816559559482970e-01 2.887926897326678968e-02
4.157287253934079688e+13 7.528659144733960140e-01 1.961470986157741719e-03 4.665463483440158710e-01 5.163915369594961231e-03 3.812445001001756317e-01 6.884927718853427192e-03 3.472636491572745898e-01 1.625363586795105370e-02 3.336187420034773532e-01 2.054028618109427287e-02
2.342636601999360156e+13 4.544935397556711942e-01 2.239335926664835861e-03 2.473516857087589005e-01 3.216367665863830577e-03 1.908444928180219602e-01 5.679108131113212721e-03 1.811079712581724621e-01 1.068698074669896005e-02 1.659001328977812162e-01 2.008748962774808619e-02
1.317550717665280078e+13 2.383299430507957450e-01 1.458365918447182335e-03 8.420828445700904996e-02 1.936815915379156089e-03 4.327889356625391759e-02 4.343645471240392339e-03 3.915108334346447533e-02 5.775459156199620227e-03 3.913631485300553964e-02 7.101543380697915124e-03
7.422943638323200195e+12 8.354785773299377993e-02 6.902916448817915168e-04 -3.540546812465351911e-02 2.103904318316416819e-03 -6.013373277282392515e-02 3.867752345186068006e-03 -6.261677996177106298e-02 6.229395656047902186e-03 -6.339853431650756266e-02 1.324439735834104064e-02
4.175187043942399902e+12 -2.952952362607480508e-02 8.674997092725177626e-04 -1.238757570619694326e-01 1.258477411060739300e-03 -1.457080225623491876e-01 2.583519628287846495e-03 -1.422818204827145938e-01 6.087970525138761309e-03 -1.382335029016098782e-01 1.604526070740200025e-02
2.349998329036799805e+12 -1.101047466888064319e-01 6.031158757127095833e-04 -1.872238306654925577e-01 1.076756508328144662e-03 -2.079687812102085087e-01 3.467871132317011489e-03 -2.035051379087918222e-01 3.815107935942009532e-03 -2.074187863705552193e-01 1.069457269646061255e-02
1.322230664396800049e+12 -1.673345108047662455e-01 6.485723103702525395e-04 -2.301402565696862579e-01 1.199707562170180359e-03 -2.472534731816969644e-01 3.109188406185731026e-03 -2.433070171805531423e-01 7.258716811610077882e-03 -2.392217931591073543e-01 1.506844036985850906e-02
