# Mean mass | 10 | 10er | 20 | 20er | 40 | 40er | 60 | 60er | 80 | 80er | 
2.163404340146995250e+15 8.727965316017501607e+01 3.473390299423411709e-01 6.045492370197280252e+01 1.885782966343702294e-01 4.367032562488908098e+01 4.512252971013663849e-01 4.169218894643915974e+01 6.876113258372602566e-01 4.167791974230605234e+01 1.361939667736567827e+00
1.252232048043622500e+15 4.509462221283884986e+01 4.175143672436159442e-02 2.718006420986696270e+01 5.900024390788231182e-02 1.908382564710872131e+01 5.189894926860649099e-02 1.787178743460329144e+01 2.148807404280025923e-01 1.752136441486409524e+01 3.439799609942054692e-01
7.171491309289472500e+14 2.169235887291259246e+01 1.258351037027956830e-02 1.145609859067301706e+01 1.632208891908745740e-02 7.588219788606356708e+00 6.333170475350388684e-02 6.754731919677314345e+00 1.550529959603272889e-01 6.303940694131843436e+00 2.323260054372683903e-01
4.082306151088128125e+14 9.708638203865813665e+00 3.459465705012847257e-03 4.370546540385993772e+00 9.749740460886254304e-03 2.556577270475415276e+00 4.197124630322199984e-02 2.200525401914355861e+00 6.726973401283689591e-02 1.972459517263040807e+00 1.581261745103076932e-01
2.314491639365631875e+14 4.072731253581220123e+00 1.634541240789002007e-03 1.225450864891718172e+00 3.071353859543941422e-03 2.851063896213811288e-01 1.228477571228121269e-02 4.895357165974800057e-02 7.094655840849499462e-02 -2.308991693759921415e-01 2.295927409732151092e-01
1.308488395390975938e+14 1.435488951733258300e+00 1.158765257833226526e-03 -1.332047925534329547e-01 2.124996272886747143e-03 -6.937583582402879756e-01 1.466362549204307947e-02 -9.099729883657323715e-01 5.635302620991194944e-02 -1.055623346883146407e+00 2.037611353787329715e-01
7.388607576801279688e+13 2.112896714612663707e-01 6.455072461948699629e-04 -6.961886889895373409e-01 1.381245757383833079e-03 -1.070831846030311230e+00 1.067993985644568981e-02 -1.233527143345281463e+00 5.516904565094741392e-02 -1.459624109248424784e+00 2.005869293628590455e-01
4.160912978083839844e+13 -3.289933248518949194e-01 4.281484627391985700e-04 -8.876645014006154799e-01 1.860387518616854344e-03 -1.160871904928822973e+00 1.538133374773020118e-02 -1.310804142406123862e+00 6.460677644635527683e-02 -1.461425737859727958e+00 2.020535470774681430e-01
2.863523356999680078e+13 -4.912996448665042371e-01 1.900541619600797539e-04 -9.101029125226306471e-01 1.209563797291377321e-03 -1.128154040311814210e+00 1.780144645962401795e-02 -1.286025339736106332e+00 7.817855425354409971e-02 -1.488830969885697852e+00 2.455955813535996290e-01
