# Mean mass | 10 | 10er | 20 | 20er | 40 | 40er | 60 | 60er | 80 | 80er | 
2.313775923331071875e+14 5.645349061939285207e+00 1.116933171300086777e-02 1.453874085752715928e+00 5.365560494661658630e-02 2.805759357423614486e-01 2.474854004257007745e-01 -4.541230603461712256e-01 8.542248643797718533e-01 9.199719124407412796e-01 3.627703931976691276e+00
1.308458548723712031e+14 2.010327587437548136e+00 1.489011511677138487e-02 1.084252817172448938e-02 4.568031064831459820e-02 -7.321472526983342499e-01 2.057781700026186100e-01 -1.085700522951326574e+00 6.799525096442896599e-01 -8.155828347034965731e-02 3.476815466698497836e+00
7.372948058931200000e+13 4.328108989752871283e-01 6.285018131996752792e-03 -5.901632875359235086e-01 1.394159066207694558e-02 -1.037135586870487236e+00 1.011610117811503062e-01 -1.424163224926075610e+00 7.604871740628952326e-01 -1.735347375864442765e-01 3.148484958592145055e+00
4.157287253934079688e+13 -2.311411207404417689e-01 3.511179906984155438e-03 -7.756881283545412620e-01 1.118028786968778589e-02 -1.101930760017386213e+00 1.127488722498479617e-01 -1.560685963545846766e+00 6.990516977263364629e-01 -5.587170242637382600e-01 3.093437223784259338e+00
2.342636601999360156e+13 -4.706586605955605518e-01 8.139481604752467998e-04 -7.894333758751457264e-01 1.337003469298058897e-02 -1.081517729055238908e+00 1.419643062393858568e-01 -1.386525914300040352e+00 7.022078185215857582e-01 -3.305733640801393203e-01 3.056180510509240111e+00
1.317550717665280078e+13 -5.292770214741286949e-01 2.241283759539494831e-03 -7.328375456628737350e-01 1.282126916367606721e-02 -8.792435194884669070e-01 1.189021189832771691e-01 -1.002843608123714647e+00 7.790720055917791376e-01 2.391278077297531723e-01 3.306156012603660432e+00
7.422943638323200195e+12 -5.085562697830040557e-01 1.766967852796892712e-03 -6.409820875627991743e-01 1.164798786267905693e-02 -8.273535228447188583e-01 1.199608588390739250e-01 -1.076785544163913810e+00 7.909351787523005717e-01 7.447553700633324780e-02 3.347533315571929791e+00
4.175187043942399902e+12 -4.550730289162298048e-01 1.658545468401521113e-03 -5.581388485712565073e-01 1.225119305447473599e-02 -6.886684962102774810e-01 1.163711614134907701e-01 -9.195916255146446838e-01 7.481406574743708626e-01 2.656856446283045736e-01 3.248783641888351337e+00
2.349998329036799805e+12 -3.932286433613599863e-01 2.073095862090659335e-03 -4.710827524520748710e-01 1.365327319104387219e-02 -5.978248605942434457e-01 1.111955439826797926e-01 -7.973534291521200412e-01 7.534947647654239855e-01 3.245088625405001537e-01 3.226835141680001851e+00
1.322230664396800049e+12 -3.334960889613688417e-01 2.253519344130773625e-03 -3.988695515079906384e-01 1.371525942347468982e-02 -5.034979950514474334e-01 1.194106045935949545e-01 -6.320076776179235356e-01 7.879976983216055997e-01 5.306077115534222344e-01 3.275450610976291532e+00
