# Mass | b1 | b1_error | b2 | b2_error | bs2 | bs2error
2.313818608664810000e+14 1.646058509014301841e+00 9.454157922056020957e-02 7.358270423195301113e-01 3.530180380918549465e-01 3.293479490975714796e-01 2.863790190725439833e-01
1.308491132876595469e+14 1.123403972550830909e+00 5.546795430935368143e-02 -2.408443065717494336e-01 2.407920596276109659e-01 5.238699781438700409e-01 1.745357432969803502e-01
7.372936741200753125e+13 7.207224818294839519e-01 4.765214573440865187e-02 -7.574236632776277789e-01 1.493997440578308522e-01 6.029838438030309389e-01 1.278104930312327081e-01
4.157289928690002344e+13 4.196884055837401539e-01 4.240377383795818078e-02 -9.303777291283203965e-01 1.164828678774154497e-01 5.305929383788589027e-01 5.913964216364352156e-02
2.342633873281087500e+13 2.418439847821436395e-01 2.549282769829201711e-02 -9.486002735032327271e-01 7.720576729018570339e-02 4.372736654144223634e-01 6.206369336181372098e-02
1.317549590763952539e+13 6.774595392619028877e-02 1.357338853981340278e-02 -8.228097869090846839e-01 3.909486551115402136e-02 2.391352324716661260e-01 4.601080261118968562e-02
7.422946416738289062e+12 -4.837713373553275548e-02 9.078609367662904966e-03 -7.222677809397491933e-01 3.775283028866043000e-02 1.938734449165144813e-01 4.129980758346305653e-02
4.175186854735230957e+12 -1.372786775574609264e-01 8.348944791731278264e-03 -6.186575125554496513e-01 3.286304270044417691e-02 1.233036307198556863e-01 4.052332409406501912e-02
2.349998217794165039e+12 -1.947763881122495933e-01 6.007535668850411299e-03 -5.001184331919718007e-01 2.787887277166221575e-02 3.613601721881337658e-02 3.988426726385387727e-02
1.322230854623939453e+12 -2.361486104840023748e-01 7.161064746655737209e-03 -4.210842346214877518e-01 1.710313980518453347e-02 2.352784256138646182e-02 1.598020312723168884e-02
