# Mass | b1 | b1_error | b2 | b2_error | bs2 | bs2error
2.163371650875017500e+15 6.666300194496538545e+00 2.775674217170445712e-01 4.200067012031933444e+01 3.150634564072308130e+00 -2.370105548528569273e+01 2.060009717286235720e+00
1.252226430400461500e+15 4.647868205912385697e+00 8.080280800039392475e-02 2.007751041213550991e+01 1.487355695540929279e+00 -9.305733045502272205e+00 8.509884756017345175e-01
7.171493156822523750e+14 3.227034625974748661e+00 6.749938093856175381e-02 8.076293266369910739e+00 4.464350935245339769e-01 -2.852855480174667058e+00 3.091853711765155110e-01
4.082307262831066875e+14 2.228230316728542881e+00 3.325407458539027250e-02 2.620057653394467945e+00 4.490529674698860996e-01 -2.452017542759853397e-01 3.859565441489905546e-01
2.314491760753280312e+14 1.548880708524266625e+00 1.687443221198627052e-02 3.003236344708990480e-01 3.091081305757568121e-01 6.315714330958314138e-01 2.523388719913860490e-01
1.308488527861789688e+14 1.021420962708113223e+00 2.284210077958957752e-02 -6.483296830533694655e-01 1.393260004168112576e-01 6.575315814555553473e-01 1.170354224380684566e-01
7.388607959380035938e+13 6.501783830957773569e-01 1.246117100390308971e-02 -1.012703273937294757e+00 1.537105662930494943e-01 5.832641696911583518e-01 1.155694179989083803e-01
4.160912938545304688e+13 3.820371037203145748e-01 1.505404720692618027e-02 -1.091428749641521367e+00 9.074286975494534613e-02 4.248617512013812547e-01 5.441152802663375837e-02
2.863523047653688672e+13 2.444582914353614356e-01 1.338079316874700268e-02 -1.010016233658350693e+00 1.070617816354548779e-01 3.032673925033944617e-01 6.521060944086960742e-02
