# Mean mass | 10 | 10er | 20 | 20er | 40 | 40er | 60 | 60er | 80 | 80er |
2.163371537334272000e+15 -6.375552083256224911e+00 1.184980361561689677e-01 -3.934493616777472891e+00 1.095628678361107305e-01 -1.432246904184544256e+00 1.688132814617917810e-01 -8.429882435288824638e-01 4.755863007116001850e-01 -1.633209459999594548e+00 1.133258814172343421e+00
1.252226437742592000e+15 -4.683133044016282831e+00 2.771084804517415581e-02 -2.365691770197255739e+00 1.206128060140368302e-01 -8.562393307318241220e-01 7.292601560489064827e-02 -4.831287033938773678e-01 1.832785370673944425e-01 -4.732413155771119651e-01 4.320758731840348976e-01
7.171493456773120000e+14 -3.043143874301045493e+00 5.725026942328222818e-02 -1.272814022229018516e+00 7.854418242888515367e-02 -4.183853790700971520e-01 4.112105389279761825e-02 -2.853506494882491196e-01 9.607825821290232049e-02 -4.374388755560189024e-01 2.092676044497631116e-01
4.082308030136320000e+14 -4.161429565492887228e+00 inf -6.932983961777240411e-01 4.091207525438344400e-02 -2.435684671030811099e-01 3.822021029435724443e-02 -4.598416847828872001e-02 7.870787507756320245e-02 7.442720024288414227e-02 1.652813430722261667e-01
2.314491270266880000e+14 -9.056747355990483195e-01 3.954930693551525489e-02 -3.457965900392265812e-01 2.063179149263943274e-02 -1.023201657265558062e-01 4.210243017716241987e-02 -8.700848469913000094e-02 6.847760258781331044e-02 3.162186797491296081e-02 1.266507639032614929e-01
1.308488462499840000e+14 -5.745319557827139878e-01 3.560829524359703652e-02 -1.630735892664461339e-01 1.664265852383325570e-02 -6.146683916119843882e-02 4.591245894130682043e-02 -4.739607794915739851e-03 6.915293196293759159e-02 2.617022073760206027e-02 1.072730145661343198e-01
7.388611267788800000e+13 -3.071918665733948117e-01 2.107320366967499817e-02 -7.314249062661423717e-02 2.137196113894951691e-02 -5.237103981171596645e-02 4.649888185731909651e-02 -2.749523889000043964e-02 6.845927144021460298e-02 1.283448194642903273e-01 1.063882063370690662e-01
4.160911887564800000e+13 -1.478490841076154638e-01 9.854567866143203875e-03 -2.377875983499143017e-02 2.582980270988924354e-02 -2.717760073495626913e-02 4.861283085261192821e-02 -1.899228866973794866e-02 6.921543210034700189e-02 9.844870713174562471e-02 1.050782113064019779e-01
2.863527467417600000e+13 -8.333575117579286595e-02 8.959184316948096485e-03 -8.434398572316582215e-03 2.770689715190059743e-02 -4.986392054061058315e-02 4.941009786477810334e-02 -4.545660045506121766e-02 6.954969848175447666e-02 3.625596451782350793e-02 1.057655269442898255e-01
