# Mean mass | 10 | 10er | 20 | 20er | 40 | 40er | 60 | 60er | 80 | 80er | 
2.163404340146995250e+15 -1.271923311437391746e+01 2.070548801266638428e-01 -4.860891584952875988e+00 1.408228411933749591e-01 -1.096005227165958162e+00 2.714717658909302500e-01 -1.477967472412542005e+00 1.325462113409118903e+00 -2.656266721754938054e+00 3.923463296599283279e+00
1.252232048043622500e+15 -8.406079323553822036e+00 2.517347686734027271e-02 -1.828076274270977963e+00 2.744011310044557408e-02 -7.141499455800986995e-01 1.917777570227377493e-01 -7.891404396823745726e-01 4.373970199984630325e-01 -1.355322645792832903e+00 8.616235235608399323e-01
7.171491309289472500e+14 -4.548382736297550188e+00 9.244054781775694341e-03 -5.726024702063851057e-01 1.936356225199154651e-02 -3.746861329916718608e-01 1.185361437074620439e-01 -4.684911777193033200e-01 4.952109567442807836e-01 -5.931413538576184585e-01 1.280810661117224969e+00
4.082306151088128125e+14 -2.124945870208406973e+00 6.458909705226318840e-03 -1.884141518529047488e-01 1.468425499486894666e-02 -2.682849767094354632e-01 1.214326631328574158e-01 -3.301950122491838502e-01 4.528449730439407794e-01 -1.119482235798314324e-01 1.158098588424012476e+00
2.314491639365631875e+14 -8.528458233456716053e-01 4.463363197593678104e-03 -1.076149380943977607e-02 1.011935139221615577e-02 -1.227785112375455040e-01 1.101452061950550926e-01 -2.571997410214052482e-01 4.308343913994631680e-01 -1.330502855229653836e-01 1.168722607094729193e+00
1.308488395390975938e+14 -2.706375348590114860e-01 2.068295088554445403e-03 3.431283206498420696e-02 1.242580486882444504e-02 -1.395821036864986209e-01 1.122191767591965567e-01 -1.902391996179351452e-01 3.925767767949132070e-01 -1.151864009199613792e-01 1.134606659127044948e+00
7.388607576801279688e+13 -3.131678444892543184e-02 2.685679923500252243e-03 2.910374915900886331e-02 1.132770387546022661e-02 -1.448518873941767593e-01 1.020647047214392616e-01 -2.112873893725813745e-01 3.989453629368165943e-01 3.853061750174209543e-02 1.137642076594643337e+00
4.160912978083839844e+13 4.865356175090247703e-02 1.738600409460912309e-03 1.710906798700378290e-02 7.644515278312295249e-03 -1.337830018922452902e-01 1.054047801017878178e-01 -2.030164580349556602e-01 3.981196960513558314e-01 -8.126268245659585415e-03 1.140251568171349206e+00
2.863523356999680078e+13 6.001510450133878960e-02 1.771653879086155852e-03 1.809476355821057481e-03 8.801628003071838499e-03 -1.522160807591273479e-01 9.906356646000268051e-02 -2.700843097332661924e-01 3.963733006714102447e-01 -6.965285662888860696e-02 1.164853338617704681e+00
