# Mean mass | 10 | 10er | 20 | 20er | 40 | 40er | 60 | 60er | 80 | 80er | 
2.313775923331071875e+14 -8.239053295212697137e-01 4.574262003648535413e-02 -1.166927332474219370e-01 9.845069076301291022e-02 -7.555070496522077184e-01 7.354128073628986018e-01 -1.441647675463654021e+00 3.331779832868961844e+00 4.809203118183257075e+00 1.527387096852578097e+01
1.308458548723712031e+14 -1.096182416829425826e-01 3.752983240145430638e-02 -5.678172242850539064e-02 9.107778624359405550e-02 -7.507777231437390286e-01 5.187468056390625026e-01 -2.407174809479951882e+00 3.725855511170765855e+00 3.351701469617536677e+00 1.617205493711633579e+01
7.372948058931200000e+13 1.615198005346999977e-01 2.166301103458726993e-02 5.935080809589343698e-02 1.048803134453202418e-01 -3.713796041420827088e-01 7.506539312085097615e-01 -1.052560190658925698e+00 3.830160185539555062e+00 5.722525666836981273e+00 1.604241618145460535e+01
4.157287253934079688e+13 1.671965225828163648e-01 1.980446930899696159e-02 -3.197494658198003770e-02 7.681727110138579506e-02 -5.648064317444893012e-01 6.637289688437379986e-01 -1.009562396009389573e+00 4.013861158056158729e+00 4.867876798489507273e+00 1.651981983008624866e+01
2.342636601999360156e+13 1.521100520066205330e-01 2.008422104647501413e-02 -8.165843572088268137e-03 8.299949556343071133e-02 -4.450690658139020428e-01 6.692020022970708304e-01 -9.556221661419274094e-01 4.026282471150621767e+00 5.522280734904437161e+00 1.656111702986569867e+01
1.317550717665280078e+13 1.518945445978855946e-01 1.375165060268621758e-02 2.957990109168551901e-02 6.032168130954031204e-02 -3.479793631530886389e-01 6.212529624537366235e-01 -8.617017350482253368e-01 4.001237472329350453e+00 5.769416216338882464e+00 1.678657703889945907e+01
7.422943638323200195e+12 1.159831399385738981e-01 1.740535546492585559e-02 1.027087205861188998e-02 6.613722985721016967e-02 -4.705051080668157804e-01 6.378640660949993491e-01 -1.246511859773417497e+00 3.975799464866696997e+00 4.868518688882792489e+00 1.650703322843670051e+01
4.175187043942399902e+12 1.065459786284317367e-01 1.373569605458842442e-02 2.775057988370166484e-02 6.254561097955070592e-02 -4.957525230287335161e-01 5.898477404418879244e-01 -1.375297112470217353e+00 3.852253009160272246e+00 4.700542732379494382e+00 1.654448650391877962e+01
2.349998329036799805e+12 8.989861559395045942e-02 1.563840127887914863e-02 3.258187253617775975e-02 6.860150630833332375e-02 -5.459647628641584038e-01 6.478801550396082742e-01 -1.405733002243194862e+00 4.028846511779050843e+00 4.777324277442959399e+00 1.677428120300906045e+01
1.322230664396800049e+12 7.969231845042354379e-02 1.545896600970874703e-02 2.400472897301570915e-02 6.937614183276423485e-02 -5.141936603005010653e-01 6.210310093819824129e-01 -1.446801754461252587e+00 3.950343111266660490e+00 4.511172080658532479e+00 1.658280014440023820e+01
